100	1.0000	1.1753	1.2120	1.3588	1.5205	1.9888	1.9945	2.0437	2.0730	2.0811	2.1062	2.1122	2.1276	2.1322	2.1334	2.1347	2.1377	2.1411	2.1430	2.1434	2.1436	2.1438	2.1439	2.1439	2.1441	2.1441	2.1443	2.1443	2.1444	2.1444	2.1444	2.1444	2.1444	2.1444	2.1444	2.1444	2.1444	2.1444	2.1444	2.1444	2.1444	2.1444	2.1444	2.1444	2.1444	2.1444	2.1444	2.1444	2.1444	2.1444	2.1444	2.1444	2.1444	2.1444	2.1444	2.1444	2.1444	2.1444	2.1444	2.1444	2.1444	2.1444	2.1444	2.1444
200	1.0000	1.4552	1.5863	2.0020	2.4339	3.5047	3.5388	3.8098	4.0088	4.1116	4.3660	4.4519	4.6622	4.7431	4.7731	4.8155	4.9092	5.0124	5.0919	5.1184	5.1421	5.1597	5.1753	5.1792	5.2004	5.2046	5.2233	5.2283	5.2505	5.2661	5.2710	5.2714	5.2714	5.2714	5.2714	5.2714	5.2714	5.2714	5.2714	5.2714	5.2714	5.2714	5.2714	5.2714	5.2714	5.2714	5.2714	5.2714	5.2714	5.2714	5.2714	5.2714	5.2714	5.2714	5.2714	5.2714	5.2714	5.2714	5.2714	5.2714	5.2714	5.2714	5.2714	5.2714
298.15	1.0000	1.6308	1.8208	2.4313	3.0309	4.4858	4.5435	5.0154	5.3810	5.6171	6.1758	6.3813	6.8840	7.0917	7.1790	7.3132	7.6064	7.9329	8.2142	8.3171	8.4190	8.4992	8.5728	8.5930	8.7025	8.7253	8.8291	8.8550	8.9799	9.0706	9.1002	9.1036	9.1036	9.1036	9.1036	9.1036	9.1036	9.1036	9.1036	9.1036	9.1036	9.1036	9.1036	9.1036	9.1036	9.1036	9.1036	9.1036	9.1036	9.1036	9.1036	9.1036	9.1036	9.1036	9.1036	9.1036	9.1036	9.1036	9.1036	9.1036	9.1036	9.1036	9.1036	9.1036
300	1.0000	1.6334	1.8243	2.4378	3.0400	4.5004	4.5585	5.0337	5.4020	5.6406	6.2049	6.4126	6.9210	7.1312	7.2196	7.3557	7.6531	7.9842	8.2703	8.3746	8.4790	8.5601	8.6352	8.6562	8.7681	8.7913	8.8972	8.9235	9.0511	9.1435	9.1742	9.1773	9.1773	9.1773	9.1773	9.1773	9.1773	9.1773	9.1773	9.1773	9.1773	9.1773	9.1773	9.1773	9.1773	9.1773	9.1773	9.1773	9.1773	9.1773	9.1773	9.1773	9.1773	9.1773	9.1773	9.1773	9.1773	9.1773	9.1773	9.1773	9.1773	9.1773	9.1773	9.1773
500	1.0000	1.8296	2.0809	2.9337	3.7220	5.6221	5.7081	6.4473	7.0467	7.5130	8.5907	9.0082	10.0453	10.4945	10.7012	11.0467	11.7988	12.6422	13.4430	13.7493	14.0817	14.3523	14.6147	14.6909	15.1106	15.1985	15.6229	15.7205	16.2363	16.6174	16.7479	16.7672	16.7679	16.7679	16.7679	16.7679	16.7679	16.7685	16.7685	16.7692	16.7692	16.7692	16.7692	16.7699	16.7699	16.7699	16.7699	16.7699	16.7699	16.7699	16.7699	16.7699	16.7699	16.7699	16.7699	16.7699	16.7699	16.7699	16.7699	16.7699	16.7699	16.7699	16.7699	16.7699
750	1.0000	1.9501	2.2359	3.2453	4.1491	6.3264	6.4295	7.3484	8.1127	8.7645	10.2584	10.8495	12.3335	12.9894	13.3025	13.8525	15.0448	16.3862	17.7219	18.2423	18.8310	19.3206	19.8046	19.9492	20.7588	20.9285	21.7712	21.9568	22.9907	23.7594	24.0292	24.0771	24.0771	24.0805	24.0805	24.0850	24.0873	24.0907	24.0976	24.1010	24.1033	24.1078	24.1101	24.1146	24.1158	24.1158	24.1169	24.1181	24.1181	24.1192	24.1203	24.1203	24.1215	24.1215	24.1226	24.1226	24.1226	24.1238	24.1249	24.1249	24.1249	24.1249	24.1260	24.1260
1000	1.0000	2.0159	2.3203	3.4180	4.3866	6.7203	6.8329	7.8564	8.7199	9.4902	11.2490	11.9517	13.7287	14.5201	14.9062	15.5986	17.0970	18.7853	20.5044	21.1802	21.9628	22.6177	23.2729	23.4728	24.5924	24.8285	26.0117	26.2683	27.7286	28.8186	29.2047	29.2796	29.2819	29.2933	29.2955	29.3092	29.3205	29.3364	29.3637	29.3750	29.3841	29.4068	29.4159	29.4386	29.4432	29.4432	29.4500	29.4545	29.4591	29.4613	29.4659	29.4681	29.4727	29.4772	29.4795	29.4795	29.4840	29.4886	29.4931	29.4977	29.4977	29.4999	29.4999	29.5022
1100	1.0000	2.0343	2.3437	3.4669	4.4541	6.8327	6.9481	8.0021	8.8947	9.7007	11.5395	12.2758	14.1423	14.9753	15.3836	16.1214	17.7158	19.5129	21.3527	22.0782	22.9236	23.6325	24.3442	24.5607	25.7855	26.0420	27.3398	27.6198	29.2224	30.4223	30.8485	30.9312	30.9354	30.9533	30.9547	30.9767	30.9905	31.0140	31.0554	31.0705	31.0871	31.1216	31.1340	31.1685	31.1726	31.1767	31.1850	31.1919	31.1988	31.2029	31.2112	31.2140	31.2222	31.2278	31.2305	31.2347	31.2402	31.2484	31.2553	31.2609	31.2636	31.2650	31.2678	31.2691
1150	1.0000	2.0424	2.3540	3.4884	4.4838	6.8824	6.9989	8.0663	8.9718	9.7941	11.6688	12.4200	14.3271	15.1789	15.5975	16.3545	17.9924	19.8390	21.7350	22.4833	23.3569	24.0902	24.8274	25.0522	26.3251	26.5919	27.9426	28.2336	29.9028	31.1525	31.5972	31.6857	31.6895	31.7103	31.7118	31.7379	31.7548	31.7824	31.8317	31.8491	31.8689	31.9095	31.9245	31.9665	31.9719	31.9757	31.9869	31.9946	32.0023	32.0081	32.0192	32.0221	32.0318	32.0386	32.0429	32.0468	32.0540	32.0637	32.0719	32.0806	32.0826	32.0845	32.0884	32.0913
1200	1.0000	2.0499	2.3636	3.5082	4.5112	6.9283	7.0459	8.1260	9.0437	9.8805	11.7886	12.5544	14.4990	15.3683	15.7963	16.5726	18.2517	20.1447	22.0920	22.8629	23.7620	24.5205	25.2811	25.5146	26.8312	27.1081	28.5094	28.8112	30.5432	31.8411	32.3041	32.3971	32.4012	32.4239	32.4260	32.4570	32.4777	32.5087	32.5666	32.5872	32.6100	32.6575	32.6761	32.7236	32.7319	32.7360	32.7484	32.7588	32.7670	32.7753	32.7877	32.7918	32.8042	32.8104	32.8166	32.8208	32.8311	32.8414	32.8518	32.8621	32.8642	32.8683	32.8724	32.8766
1250	1.0000	2.0567	2.3723	3.5266	4.5366	6.9709	7.0895	8.1813	9.1102	9.9612	11.9007	12.6790	14.6595	15.5453	15.9819	16.7760	18.4939	20.4311	22.4284	23.2173	24.1432	24.9225	25.7071	25.9475	27.3090	27.5948	29.0427	29.3538	31.1476	32.4900	32.9699	33.0669	33.0722	33.0996	33.1017	33.1365	33.1597	33.1966	33.2620	33.2862	33.3126	33.3685	33.3885	33.4465	33.4539	33.4592	33.4750	33.4866	33.4971	33.5056	33.5214	33.5256	33.5404	33.5488	33.5551	33.5615	33.5720	33.5857	33.5984	33.6100	33.6131	33.6163	33.6226	33.6269
1300	1.0000	2.0631	2.3805	3.5435	4.5602	7.0103	7.1301	8.2326	9.1725	10.0361	12.0047	12.7964	14.8098	15.7112	16.1563	16.9676	18.7212	20.6993	22.7430	23.5511	24.5017	25.3016	26.1079	26.3550	27.7575	28.0519	29.5459	29.8667	31.7175	33.1043	33.6004	33.7013	33.7069	33.7378	33.7403	33.7794	33.8059	33.8481	33.9231	33.9503	33.9805	34.0448	34.0681	34.1343	34.1431	34.1494	34.1684	34.1816	34.1942	34.2037	34.2219	34.2270	34.2440	34.2547	34.2623	34.2686	34.2818	34.2982	34.3121	34.3272	34.3304	34.3348	34.3411	34.3461
1350	1.0000	2.0690	2.3880	3.5593	4.5820	7.0473	7.1681	8.2808	9.2301	10.1064	12.1025	12.9058	14.9500	15.8664	16.3191	17.1463	18.9347	20.9519	23.0388	23.8651	24.8388	25.6582	26.4859	26.7397	28.1808	28.4837	30.0213	30.3511	32.2563	33.6848	34.1966	34.3014	34.3079	34.3426	34.3448	34.3891	34.4191	34.4665	34.5507	34.5816	34.6164	34.6889	34.7158	34.7914	34.8014	34.8088	34.8301	34.8453	34.8601	34.8710	34.8927	34.8983	34.9179	34.9305	34.9392	34.9470	34.9618	34.9809	34.9974	35.0148	35.0187	35.0239	35.0317	35.0374
1400	1.0000	2.0746	2.3951	3.5742	4.6025	7.0819	7.2035	8.3258	9.2840	10.1720	12.1940	13.0084	15.0824	16.0120	16.4725	17.3149	19.1355	21.1898	23.3180	24.1614	25.1567	25.9953	26.8424	27.1027	28.5813	28.8920	30.4707	30.8090	32.7665	34.2360	34.7605	34.8695	34.8764	34.9172	34.9172	34.9683	35.0024	35.0535	35.1489	35.1829	35.2204	35.3055	35.3328	35.4179	35.4316	35.4384	35.4656	35.4827	35.4997	35.5099	35.5338	35.5406	35.5644	35.5780	35.5883	35.5985	35.6155	35.6359	35.6564	35.6768	35.6802	35.6870	35.6973	35.7041
1450	1.0000	2.0796	2.4016	3.5878	4.6218	7.1143	7.2362	8.3678	9.3346	10.2335	12.2797	13.1045	15.2062	16.1490	16.6163	17.4727	19.3243	21.4134	23.5809	24.4402	25.4562	26.3129	27.1788	27.4451	28.9591	29.2772	30.8951	31.2402	33.2483	34.7551	35.2954	35.4094	35.4154	35.4604	35.4634	35.5175	35.5535	35.6135	35.7186	35.7546	35.7996	35.8897	35.9257	36.0187	36.0337	36.0427	36.0698	36.0908	36.1088	36.1238	36.1508	36.1598	36.1838	36.2018	36.2108	36.2228	36.2408	36.2679	36.2889	36.3129	36.3159	36.3249	36.3339	36.3429
1500	1.0000	2.0844	2.4077	3.6005	4.6395	7.1445	7.2672	8.4072	9.3821	10.2913	12.3605	13.1950	15.3231	16.2782	16.7523	17.6221	19.5027	21.6249	23.8294	24.7040	25.7395	26.6134	27.4974	27.7695	29.3170	29.6434	31.2971	31.6531	33.7070	35.2519	35.8051	35.9198	35.9287	35.9758	35.9787	36.0405	36.0787	36.1435	36.2612	36.3024	36.3495	36.4524	36.4907	36.5966	36.6113	36.6202	36.6525	36.6731	36.6967	36.7114	36.7438	36.7526	36.7791	36.7997	36.8114	36.8232	36.8468	36.8732	36.8997	36.9262	36.9321	36.9380	36.9497	36.9615
1550	1.0000	2.0889	2.4135	3.6127	4.6565	7.1732	7.2966	8.4444	9.4272	10.3457	12.4369	13.2806	15.4335	16.4004	16.8806	17.7632	19.6718	21.8253	24.0649	24.9545	26.0085	26.8987	27.7998	28.0774	29.6571	29.9895	31.6812	32.0431	34.1454	35.7229	36.2890	36.4067	36.4163	36.4671	36.4703	36.5371	36.5816	36.6516	36.7788	36.8265	36.8774	36.9887	37.0333	37.1478	37.1637	37.1764	37.2114	37.2368	37.2591	37.2782	37.3131	37.3227	37.3545	37.3768	37.3895	37.4022	37.4276	37.4594	37.4881	37.5167	37.5231	37.5326	37.5453	37.5580
1600	1.0000	2.0930	2.4188	3.6238	4.6722	7.1994	7.3235	8.4788	9.4688	10.3966	12.5081	13.3608	15.5373	16.5152	17.0013	17.8961	19.8308	22.0141	24.2872	25.1902	26.2621	27.1678	28.0852	28.3679	29.9786	30.3173	32.0434	32.4118	34.5571	36.1678	36.7475	36.8697	36.8802	36.9351	36.9385	37.0103	37.0588	37.1363	37.2742	37.3250	37.3821	37.5043	37.5502	37.6795	37.6946	37.7096	37.7472	37.7735	37.7998	37.8224	37.8600	37.8713	37.9089	37.9314	37.9465	37.9615	37.9878	38.0254	38.0555	38.0893	38.0968	38.1044	38.1194	38.1344
1650	1.0000	2.0969	2.4238	3.6345	4.6870	7.2249	7.3494	8.5118	9.5086	10.4451	12.5758	13.4370	15.6357	16.6243	17.1162	18.0223	19.9821	22.1935	24.4989	25.4151	26.5037	27.4242	28.3573	28.6450	30.2853	30.6304	32.3890	32.7645	34.9512	36.5939	37.1858	37.3108	37.3224	37.3813	37.3856	37.4628	37.5154	37.5994	37.7491	37.8036	37.8659	37.9991	38.0489	38.1888	38.2086	38.2226	38.2651	38.2955	38.3245	38.3462	38.3897	38.4008	38.4408	38.4664	38.4833	38.4992	38.5301	38.5697	38.6045	38.6407	38.6494	38.6600	38.6774	38.6913
1700	1.0000	2.1007	2.4286	3.6446	4.7012	7.2488	7.3739	8.5433	9.5467	10.4913	12.6406	13.5096	15.7299	16.7280	17.2257	18.1428	20.1263	22.3653	24.7006	25.6292	26.7343	27.6688	28.6167	28.9097	30.5781	30.9286	32.7195	33.1014	35.3284	37.0015	37.6049	37.7326	37.7453	37.8089	37.8129	37.8959	37.9534	38.0437	38.2049	38.2638	38.3313	38.4758	38.5294	38.6819	38.7026	38.7187	38.7648	38.7983	38.8297	38.8531	38.9013	38.9133	38.9575	38.9856	39.0043	39.0210	39.0558	39.0993	39.1374	39.1776	39.1869	39.1990	39.2184	39.2338
1800	1.0000	2.1075	2.4374	3.6631	4.7270	7.2931	7.4194	8.6009	9.6161	10.5761	12.7597	13.6434	15.9038	16.9201	17.4275	18.3647	20.3926	22.6829	25.0743	26.0274	27.1622	28.1232	29.0984	29.4003	31.1216	31.4835	33.3328	33.7280	36.0309	37.7616	38.3859	38.5203	38.5329	38.6056	38.6104	38.7068	38.7716	38.8743	39.0608	39.1288	39.2062	39.3738	39.4354	39.6124	39.6377	39.6567	39.7104	39.7500	39.7879	39.8148	39.8717	39.8875	39.9380	39.9712	39.9934	40.0139	40.0550	40.1072	40.1530	40.2004	40.2115	40.2273	40.2494	40.2684
1900	1.0000	2.1137	2.4452	3.6798	4.7505	7.3331	7.4601	8.6532	9.6792	10.6531	12.8679	13.7649	16.0608	17.0944	17.6110	18.5673	20.6359	22.9715	25.4154	26.3888	27.5518	28.5377	29.5388	29.8491	31.6189	31.9913	33.8953	34.3006	36.6734	38.4570	39.1020	39.2409	39.2562	39.3378	39.3431	39.4510	39.5245	39.6424	39.8525	39.9293	40.0181	40.2086	40.2798	40.4822	40.5104	40.5318	40.5953	40.6407	40.6846	40.7166	40.7830	40.7997	40.8598	40.8990	40.9248	40.9486	40.9964	41.0575	41.1105	41.1673	41.1802	41.1978	41.2255	41.2480
2000	1.0000	2.1191	2.4522	3.6945	4.7712	7.3687	7.4967	8.6996	9.7353	10.7218	12.9646	13.8739	16.2028	17.2517	17.7764	18.7493	20.8564	23.2334	25.7247	26.7166	27.9051	28.9130	29.9389	30.2570	32.0710	32.4534	34.4068	34.8232	37.2592	39.0928	39.7559	39.8988	39.9167	40.0079	40.0132	40.1330	40.2152	40.3474	40.5815	40.6691	40.7674	40.9819	41.0623	41.2911	41.3232	41.3483	41.4197	41.4716	41.5216	41.5591	41.6342	41.6539	41.7236	41.7682	41.7968	41.8254	41.8808	41.9505	42.0113	42.0774	42.0917	42.1132	42.1453	42.1721
2500	1.0000	2.1399	2.4789	3.7515	4.8518	7.5076	7.6389	8.8815	9.9551	10.9905	13.3439	14.3012	16.7597	17.8697	18.4262	19.4669	21.7208	24.2646	26.9425	28.0140	29.3044	30.4021	31.5213	31.8698	33.8632	34.2840	36.4409	36.8987	39.5952	41.6271	42.3671	42.5305	42.5552	42.6909	42.7001	42.8805	43.0069	43.2089	43.5681	43.7007	43.8548	44.1909	44.3189	44.6796	44.7321	44.7721	44.8924	44.9787	45.0620	45.1236	45.2501	45.2824	45.3996	45.4751	45.5245	45.5707	45.6648	45.7866	45.8914	46.0055	46.0317	46.0687	46.1273	46.1766

